7.17752400e-03   6.81580312e-03   -7.500e-02   0.000e+00   0.000e+00   4.628745e+02   2.140361e-02   -8.634526e-03   1.039953e-03   1.013809e+00
7.17752400e-03   6.81580312e-03   -7.200e-02   0.000e+00   0.000e+00   4.628745e+02   2.521590e-02   -6.833995e-03   6.255804e-04   1.019007e+00
7.17752400e-03   6.81580312e-03   -6.900e-02   0.000e+00   0.000e+00   4.628745e+02   2.938588e-02   -4.166899e-03   3.049837e-04   1.025524e+00
7.17752400e-03   6.81580312e-03   -6.600e-02   0.000e+00   0.000e+00   4.628745e+02   3.390191e-02   -5.162322e-04   1.569926e-04   1.033543e+00
7.17752400e-03   6.81580312e-03   -6.300e-02   0.000e+00   0.000e+00   4.628745e+02   3.874590e-02   4.246319e-03   2.732057e-04   1.043265e+00
7.17752400e-03   6.81580312e-03   -6.000e-02   0.000e+00   0.000e+00   4.628745e+02   4.389320e-02   1.019481e-02   7.604208e-04   1.054848e+00
7.17752400e-03   6.81580312e-03   -5.700e-02   0.000e+00   0.000e+00   4.628745e+02   4.931262e-02   1.738195e-02   1.723005e-03   1.068418e+00
7.17752400e-03   6.81580312e-03   -5.400e-02   0.000e+00   0.000e+00   4.628745e+02   5.496661e-02   2.592341e-02   3.277207e-03   1.084167e+00
7.17752400e-03   6.81580312e-03   -5.100e-02   0.000e+00   0.000e+00   4.628745e+02   6.081157e-02   3.584969e-02   5.541863e-03   1.102203e+00
7.17752400e-03   6.81580312e-03   -4.800e-02   0.000e+00   0.000e+00   4.628745e+02   6.679831e-02   4.713807e-02   8.630652e-03   1.122567e+00
7.17752400e-03   6.81580312e-03   -4.500e-02   0.000e+00   0.000e+00   4.628745e+02   7.287263e-02   5.991464e-02   1.268557e-02   1.145473e+00
7.17752400e-03   6.81580312e-03   -4.200e-02   0.000e+00   0.000e+00   4.628745e+02   7.897606e-02   7.416281e-02   1.782958e-02   1.170968e+00
7.17752400e-03   6.81580312e-03   -3.900e-02   0.000e+00   0.000e+00   4.628745e+02   8.504667e-02   8.982448e-02   2.418304e-02   1.199054e+00
7.17752400e-03   6.81580312e-03   -3.600e-02   0.000e+00   0.000e+00   4.628745e+02   9.102007e-02   1.068285e-01   3.184411e-02   1.229693e+00
7.17752400e-03   6.81580312e-03   -3.300e-02   0.000e+00   0.000e+00   4.628745e+02   9.683033e-02   1.251909e-01   4.096152e-02   1.262983e+00
7.17752400e-03   6.81580312e-03   -3.000e-02   0.000e+00   0.000e+00   4.628745e+02   1.024112e-01   1.449274e-01   5.172817e-02   1.299067e+00
7.17752400e-03   6.81580312e-03   -2.700e-02   0.000e+00   0.000e+00   4.628745e+02   1.076971e-01   1.660103e-01   6.434728e-02   1.338055e+00
7.17752400e-03   6.81580312e-03   -2.400e-02   0.000e+00   0.000e+00   4.628745e+02   1.126244e-01   1.884329e-01   7.907422e-02   1.380131e+00
7.17752400e-03   6.81580312e-03   -2.100e-02   0.000e+00   0.000e+00   4.628745e+02   1.171324e-01   2.121346e-01   9.619703e-02   1.425464e+00
7.17752400e-03   6.81580312e-03   -1.800e-02   0.000e+00   0.000e+00   4.628745e+02   1.211646e-01   2.371700e-01   1.161034e-01   1.474438e+00
7.17752400e-03   6.81580312e-03   -1.500e-02   0.000e+00   0.000e+00   4.628745e+02   1.246697e-01   2.639018e-01   1.396140e-01   1.528185e+00
7.17752400e-03   6.81580312e-03   -1.200e-02   0.000e+00   0.000e+00   4.628745e+02   1.276025e-01   2.922733e-01   1.674643e-01   1.587340e+00
7.17752400e-03   6.81580312e-03   -9.000e-03   0.000e+00   0.000e+00   4.628745e+02   1.299246e-01   3.221923e-01   2.003505e-01   1.652467e+00
7.17752400e-03   6.81580312e-03   -6.000e-03   0.000e+00   0.000e+00   4.628745e+02   1.316056e-01   3.533162e-01   2.384966e-01   1.723418e+00
7.17752400e-03   6.81580312e-03   -3.000e-03   0.000e+00   0.000e+00   4.628745e+02   1.326232e-01   3.830474e-01   2.782390e-01   1.793910e+00
7.17752400e-03   6.81580312e-03   0.000e+00   0.000e+00   0.000e+00   4.628745e+02   1.329639e-01   3.987780e-01   2.989981e-01   1.830740e+00
7.17752400e-03   6.81580312e-03   3.000e-03   0.000e+00   0.000e+00   4.628745e+02   1.326232e-01   3.830474e-01   2.782390e-01   1.793910e+00
7.17752400e-03   6.81580312e-03   6.000e-03   0.000e+00   0.000e+00   4.628745e+02   1.316056e-01   3.533162e-01   2.384966e-01   1.723418e+00
7.17752400e-03   6.81580312e-03   9.000e-03   0.000e+00   0.000e+00   4.628745e+02   1.299246e-01   3.221923e-01   2.003505e-01   1.652467e+00
7.17752400e-03   6.81580312e-03   1.200e-02   0.000e+00   0.000e+00   4.628745e+02   1.276025e-01   2.922733e-01   1.674643e-01   1.587340e+00
7.17752400e-03   6.81580312e-03   1.500e-02   0.000e+00   0.000e+00   4.628745e+02   1.246697e-01   2.639018e-01   1.396140e-01   1.528185e+00
7.17752400e-03   6.81580312e-03   1.800e-02   0.000e+00   0.000e+00   4.628745e+02   1.211646e-01   2.371700e-01   1.161034e-01   1.474438e+00
7.17752400e-03   6.81580312e-03   2.100e-02   0.000e+00   0.000e+00   4.628745e+02   1.171324e-01   2.121346e-01   9.619703e-02   1.425464e+00
7.17752400e-03   6.81580312e-03   2.400e-02   0.000e+00   0.000e+00   4.628745e+02   1.126244e-01   1.884329e-01   7.907422e-02   1.380131e+00
7.17752400e-03   6.81580312e-03   2.700e-02   0.000e+00   0.000e+00   4.628745e+02   1.076971e-01   1.660103e-01   6.434728e-02   1.338055e+00
7.17752400e-03   6.81580312e-03   3.000e-02   0.000e+00   0.000e+00   4.628745e+02   1.024112e-01   1.449274e-01   5.172817e-02   1.299067e+00
7.17752400e-03   6.81580312e-03   3.300e-02   0.000e+00   0.000e+00   4.628745e+02   9.683033e-02   1.251909e-01   4.096152e-02   1.262983e+00
7.17752400e-03   6.81580312e-03   3.600e-02   0.000e+00   0.000e+00   4.628745e+02   9.102007e-02   1.068285e-01   3.184411e-02   1.229693e+00
7.17752400e-03   6.81580312e-03   3.900e-02   0.000e+00   0.000e+00   4.628745e+02   8.504667e-02   8.982448e-02   2.418304e-02   1.199054e+00
7.17752400e-03   6.81580312e-03   4.200e-02   0.000e+00   0.000e+00   4.628745e+02   7.897606e-02   7.416281e-02   1.782958e-02   1.170968e+00
7.17752400e-03   6.81580312e-03   4.500e-02   0.000e+00   0.000e+00   4.628745e+02   7.287263e-02   5.991464e-02   1.268557e-02   1.145473e+00
7.17752400e-03   6.81580312e-03   4.800e-02   0.000e+00   0.000e+00   4.628745e+02   6.679831e-02   4.713807e-02   8.630652e-03   1.122567e+00
7.17752400e-03   6.81580312e-03   5.100e-02   0.000e+00   0.000e+00   4.628745e+02   6.081157e-02   3.584969e-02   5.541863e-03   1.102203e+00
7.17752400e-03   6.81580312e-03   5.400e-02   0.000e+00   0.000e+00   4.628745e+02   5.496661e-02   2.592341e-02   3.277207e-03   1.084167e+00
7.17752400e-03   6.81580312e-03   5.700e-02   0.000e+00   0.000e+00   4.628745e+02   4.931262e-02   1.738195e-02   1.723005e-03   1.068418e+00
7.17752400e-03   6.81580312e-03   6.000e-02   0.000e+00   0.000e+00   4.628745e+02   4.389320e-02   1.019481e-02   7.604208e-04   1.054848e+00
7.17752400e-03   6.81580312e-03   6.300e-02   0.000e+00   0.000e+00   4.628745e+02   3.874590e-02   4.246319e-03   2.732057e-04   1.043265e+00
7.17752400e-03   6.81580312e-03   6.600e-02   0.000e+00   0.000e+00   4.628745e+02   3.390191e-02   -5.162322e-04   1.569926e-04   1.033543e+00
7.17752400e-03   6.81580312e-03   6.900e-02   0.000e+00   0.000e+00   4.628745e+02   2.938588e-02   -4.166899e-03   3.049837e-04   1.025524e+00
7.17752400e-03   6.81580312e-03   7.200e-02   0.000e+00   0.000e+00   4.628745e+02   2.521590e-02   -6.833995e-03   6.255804e-04   1.019007e+00
7.17752400e-03   6.81580312e-03   7.500e-02   0.000e+00   0.000e+00   4.628745e+02   2.140361e-02   -8.634526e-03   1.039953e-03   1.013809e+00
